110.000000	45.149942	-50.000592	-45.331327	252.600323	0.000000	0.000000	0.000000	0.000000	0.000000	0.000000	0.000000	0.000000	1652280333.296346	0.000000
110.000000	-5.918392	-90.900138	-79.285879	238.538299	0.000000	0.000000	0.000000	0.000000	0.000000	0.000000	0.000000	0.000000	1652280333.296346	0.000000
111.000000	-50.202547	-129.559484	-116.000477	224.382778	0.000000	0.000000	0.000000	0.000000	0.000000	0.000000	0.000000	0.000000	1652280333.310073	0.000000
111.000000	1.587588	-84.067341	-84.308565	240.228734	0.000000	0.000000	0.000000	0.000000	0.000000	0.000000	0.000000	0.000000	1652280333.310073	0.000000
112.000000	38.362024	-50.625156	-51.150612	255.034998	0.000000	0.000000	0.000000	0.000000	0.000000	0.000000	0.000000	0.000000	1652280333.325818	0.000000
112.000000	-13.659985	-95.343140	-87.592197	226.645417	0.000000	0.000000	0.000000	0.000000	0.000000	0.000000	0.000000	0.000000	1652280333.325818	0.000000
113.000000	-53.456260	-118.986787	-118.921339	215.825887	0.000000	0.000000	0.000000	0.000000	0.000000	0.000000	0.000000	0.000000	1652280333.326362	0.000000
113.000000	-8.285748	-85.690458	-90.748672	230.542393	0.000000	0.000000	0.000000	0.000000	0.000000	0.000000	0.000000	0.000000	1652280333.326362	0.000000
114.000000	34.779200	-55.333690	-56.973636	251.007125	0.000000	0.000000	0.000000	0.000000	0.000000	0.000000	0.000000	0.000000	1652280333.340080	0.000000
114.000000	-9.317961	-88.659938	-83.736360	235.654836	0.000000	0.000000	0.000000	0.000000	0.000000	0.000000	0.000000	0.000000	1652280333.340080	0.000000
115.000000	-48.138122	-112.243747	-105.682093	231.593305	0.000000	0.000000	0.000000	0.000000	0.000000	0.000000	0.000000	0.000000	1652280333.355748	0.000000
115.000000	8.169811	-67.054536	-70.676629	251.055744	0.000000	0.000000	0.000000	0.000000	0.000000	0.000000	0.000000	0.000000	1652280333.355748	0.000000
116.000000	54.028465	-35.123270	-38.947318	256.085910	0.000000	0.000000	0.000000	0.000000	0.000000	0.000000	0.000000	0.000000	1652280333.356376	0.000000
116.000000	9.669511	-60.984679	-62.321693	253.415621	0.000000	0.000000	0.000000	0.000000	0.000000	0.000000	0.000000	0.000000	1652280333.356376	0.000000
117.000000	-37.741200	-106.742355	-98.486525	244.608157	0.000000	0.000000	0.000000	0.000000	0.000000	0.000000	0.000000	0.000000	1652280333.370027	0.000000
117.000000	-4.463571	-80.009550	-79.588811	248.905302	0.000000	0.000000	0.000000	0.000000	0.000000	0.000000	0.000000	0.000000	1652280333.370027	0.000000
118.000000	36.413536	-48.777645	-50.739223	257.925940	0.000000	0.000000	0.000000	0.000000	0.000000	0.000000	0.000000	0.000000	1652280333.385741	0.000000
118.000000	-2.582401	-79.545802	-79.091404	242.906502	0.000000	0.000000	0.000000	0.000000	0.000000	0.000000	0.000000	0.000000	1652280333.385741	0.000000
119.000000	-45.774506	-114.031420	-113.090835	227.329819	0.000000	0.000000	0.000000	0.000000	0.000000	0.000000	0.000000	0.000000	1652280333.386362	0.000000
119.000000	-2.582401	-78.031143	-81.948688	240.322231	0.000000	0.000000	0.000000	0.000000	0.000000	0.000000	0.000000	0.000000	1652280333.386362	0.000000
120.000000	42.632990	-45.516452	-49.834167	254.623609	0.000000	0.000000	0.000000	0.000000	0.000000	0.000000	0.000000	0.000000	1652280333.400120	0.000000
120.000000	3.094767	-79.725317	-76.709088	238.429842	0.000000	0.000000	0.000000	0.000000	0.000000	0.000000	0.000000	0.000000	1652280333.400120	0.000000
121.000000	-49.506926	-107.127564	-109.474352	232.629257	0.000000	0.000000	0.000000	0.000000	0.000000	0.000000	0.000000	0.000000	1652280333.415648	0.000000
121.000000	-4.777722	-71.979984	-80.819238	243.190735	0.000000	0.000000	0.000000	0.000000	0.000000	0.000000	0.000000	0.000000	1652280333.415648	0.000000
122.000000	37.004440	-42.371197	-48.659838	248.849203	0.000000	0.000000	0.000000	0.000000	0.000000	0.000000	0.000000	0.000000	1652280333.416370	0.000000
122.000000	3.102247	-79.635560	-77.161616	239.230180	0.000000	0.000000	0.000000	0.000000	0.000000	0.000000	0.000000	0.000000	1652280333.416370	0.000000
123.000000	-48.942201	-112.112851	-112.563509	223.840492	0.000000	0.000000	0.000000	0.000000	0.000000	0.000000	0.000000	0.000000	1652280333.430068	0.000000
123.000000	-8.820554	-81.056722	-83.317491	240.157676	0.000000	0.000000	0.000000	0.000000	0.000000	0.000000	0.000000	0.000000	1652280333.430068	0.000000
124.000000	30.399777	-50.468080	-48.065194	254.055144	0.000000	0.000000	0.000000	0.000000	0.000000	0.000000	0.000000	0.000000	1652280333.445679	0.000000
124.000000	-0.693751	-86.752589	-80.217114	240.423209	0.000000	0.000000	0.000000	0.000000	0.000000	0.000000	0.000000	0.000000	1652280333.445679	0.000000
125.000000	-46.960054	-112.288626	-110.633720	233.332358	0.000000	0.000000	0.000000	0.000000	0.000000	0.000000	0.000000	0.000000	1652280333.446436	0.000000
125.000000	-4.661785	-82.410565	-80.426549	247.214867	0.000000	0.000000	0.000000	0.000000	0.000000	0.000000	0.000000	0.000000	1652280333.446436	0.000000
126.000000	35.837591	-54.387495	-51.337607	257.757645	0.000000	0.000000	0.000000	0.000000	0.000000	0.000000	0.000000	0.000000	1652280333.460013	0.000000
126.000000	-4.284055	-83.540015	-74.970035	252.476906	0.000000	0.000000	0.000000	0.000000	0.000000	0.000000	0.000000	0.000000	1652280333.460013	0.000000
127.000000	-44.648796	-112.314806	-107.237891	242.027626	0.000000	0.000000	0.000000	0.000000	0.000000	0.000000	0.000000	0.000000	1652280333.475414	0.000000
127.000000	2.257030	-75.009303	-73.720908	252.723740	0.000000	0.000000	0.000000	0.000000	0.000000	0.000000	0.000000	0.000000	1652280333.475414	0.000000
128.000000	34.756760	-49.869696	-49.381639	254.223439	0.000000	0.000000	0.000000	0.000000	0.000000	0.000000	0.000000	0.000000	1652280333.491203	0.000000
128.000000	-6.909465	-84.164579	-74.764340	242.596090	0.000000	0.000000	0.000000	0.000000	0.000000	0.000000	0.000000	0.000000	1652280333.491203	0.000000
129.000000	-44.712374	-112.412043	-100.984779	236.492574	0.000000	0.000000	0.000000	0.000000	0.000000	0.000000	0.000000	0.000000	1652280333.491826	0.000000
129.000000	-0.832128	-77.619754	-78.653836	243.759199	0.000000	0.000000	0.000000	0.000000	0.000000	0.000000	0.000000	0.000000	1652280333.491826	0.000000
130.000000	41.746633	-47.704294	-43.891466	253.187487	0.000000	0.000000	0.000000	0.000000	0.000000	0.000000	0.000000	0.000000	1652280333.505764	0.000000
130.000000	-5.091874	-81.550388	-72.325925	241.268426	0.000000	0.000000	0.000000	0.000000	0.000000	0.000000	0.000000	0.000000	1652280333.505764	0.000000
131.000000	-46.298092	-109.640777	-103.916860	236.099884	0.000000	0.000000	0.000000	0.000000	0.000000	0.000000	0.000000	0.000000	1652280333.506374	0.000000
131.000000	2.608580	-71.807949	-71.095498	252.820977	0.000000	0.000000	0.000000	0.000000	0.000000	0.000000	0.000000	0.000000	1652280333.506374	0.000000
132.000000	37.109157	-49.361070	-49.983763	246.556644	0.000000	0.000000	0.000000	0.000000	0.000000	0.000000	0.000000	0.000000	1652280333.520099	0.000000
132.000000	-14.583740	-88.110173	-80.063778	230.905163	0.000000	0.000000	0.000000	0.000000	0.000000	0.000000	0.000000	0.000000	1652280333.520099	0.000000
133.000000	-54.151881	-121.765533	-112.084802	224.465055	0.000000	0.000000	0.000000	0.000000	0.000000	0.000000	0.000000	0.000000	1652280333.535792	0.000000
133.000000	-6.614013	-74.339861	-77.083078	246.459407	0.000000	0.000000	0.000000	0.000000	0.000000	0.000000	0.000000	0.000000	1652280333.535792	0.000000
134.000000	34.760500	-53.115929	-48.525202	250.169388	0.000000	0.000000	0.000000	0.000000	0.000000	0.000000	0.000000	0.000000	1652280333.536377	0.000000
134.000000	-9.381539	-86.745110	-83.837337	228.848218	0.000000	0.000000	0.000000	0.000000	0.000000	0.000000	0.000000	0.000000	1652280333.536377	0.000000
135.000000	-48.007226	-109.999807	-111.579915	221.349719	0.000000	0.000000	0.000000	0.000000	0.000000	0.000000	0.000000	0.000000	1652280333.550148	0.000000
135.000000	3.076068	-74.336121	-87.221947	235.378084	0.000000	0.000000	0.000000	0.000000	0.000000	0.000000	0.000000	0.000000	1652280333.550148	0.000000
136.000000	45.565071	-47.143309	-58.211543	241.612497	0.000000	0.000000	0.000000	0.000000	0.000000	0.000000	0.000000	0.000000	1652280333.565602	0.000000
136.000000	-2.077514	-82.806995	-87.831550	230.983701	0.000000	0.000000	0.000000	0.000000	0.000000	0.000000	0.000000	0.000000	1652280333.565602	0.000000
137.000000	-47.057291	-114.338091	-112.690665	222.976575	0.000000	0.000000	0.000000	0.000000	0.000000	0.000000	0.000000	0.000000	1652280333.566321	0.000000
137.000000	0.955544	-77.795529	-82.681708	237.936175	0.000000	0.000000	0.000000	0.000000	0.000000	0.000000	0.000000	0.000000	1652280333.566321	0.000000
138.000000	31.211335	-53.617076	-58.177884	244.507179	0.000000	0.000000	0.000000	0.000000	0.000000	0.000000	0.000000	0.000000	1652280333.579939	0.000000
138.000000	-2.530042	-86.793728	-85.912982	232.603078	0.000000	0.000000	0.000000	0.000000	0.000000	0.000000	0.000000	0.000000	1652280333.579939	0.000000
139.000000	-39.525133	-111.682762	-110.723478	230.968741	0.000000	0.000000	0.000000	0.000000	0.000000	0.000000	0.000000	0.000000	1652280333.595579	0.000000
139.000000	-4.800162	-79.160592	-83.695221	243.456267	0.000000	0.000000	0.000000	0.000000	0.000000	0.000000	0.000000	0.000000	1652280333.595579	0.000000
140.000000	41.855090	-46.170935	-53.888218	243.415129	0.000000	0.000000	0.000000	0.000000	0.000000	0.000000	0.000000	0.000000	1652280333.596438	0.000000
140.000000	-9.463817	-88.435544	-85.942901	224.940023	0.000000	0.000000	0.000000	0.000000	0.000000	0.000000	0.000000	0.000000	1652280333.596438	0.000000
141.000000	-42.270219	-107.931643	-112.256837	224.659530	0.000000	0.000000	0.000000	0.000000	0.000000	0.000000	0.000000	0.000000	1652280333.610027	0.000000
141.000000	-10.095860	-89.385479	-91.305918	229.469042	0.000000	0.000000	0.000000	0.000000	0.000000	0.000000	0.000000	0.000000	1652280333.610027	0.000000
142.000000	28.582185	-59.133428	-65.695083	233.309919	0.000000	0.000000	0.000000	0.000000	0.000000	0.000000	0.000000	0.000000	1652280333.625709	0.000000
142.000000	-15.167164	-92.788788	-91.320877	227.572912	0.000000	0.000000	0.000000	0.000000	0.000000	0.000000	0.000000	0.000000	1652280333.625709	0.000000
143.000000	-60.749065	-128.867603	-125.006156	214.752535	0.000000	0.000000	0.000000	0.000000	0.000000	0.000000	0.000000	0.000000	1652280333.626349	0.000000
143.000000	-15.200823	-95.417938	-94.432474	228.709842	0.000000	0.000000	0.000000	0.000000	0.000000	0.000000	0.000000	0.000000	1652280333.626349	0.000000
144.000000	32.037853	-55.314990	-64.700269	234.768480	0.000000	0.000000	0.000000	0.000000	0.000000	0.000000	0.000000	0.000000	1652280333.640113	0.000000
144.000000	-14.217230	-94.239869	-93.886448	220.897191	0.000000	0.000000	0.000000	0.000000	0.000000	0.000000	0.000000	0.000000	1652280333.640113	0.000000
145.000000	-57.424294	-118.773613	-121.756183	219.124478	0.000000	0.000000	0.000000	0.000000	0.000000	0.000000	0.000000	0.000000	1652280333.655673	0.000000
145.000000	-14.493982	-88.327087	-96.665194	227.400877	0.000000	0.000000	0.000000	0.000000	0.000000	0.000000	0.000000	0.000000	1652280333.655673	0.000000
146.000000	25.949296	-62.136568	-67.033967	226.821192	0.000000	0.000000	0.000000	0.000000	0.000000	0.000000	0.000000	0.000000	1652280333.656399	0.000000
146.000000	-14.452843	-92.467156	-94.036044	224.977422	0.000000	0.000000	0.000000	0.000000	0.000000	0.000000	0.000000	0.000000	1652280333.656399	0.000000
147.000000	-45.983940	-121.873990	-117.552535	220.381085	0.000000	0.000000	0.000000	0.000000	0.000000	0.000000	0.000000	0.000000	1652280333.670249	0.000000
147.000000	-5.024556	-82.900492	-88.557091	234.899376	0.000000	0.000000	0.000000	0.000000	0.000000	0.000000	0.000000	0.000000	1652280333.670249	0.000000
148.000000	31.028080	-55.083116	-59.008142	252.342270	0.000000	0.000000	0.000000	0.000000	0.000000	0.000000	0.000000	0.000000	1652280333.685644	0.000000
148.000000	-12.930704	-90.526148	-89.903455	232.883570	0.000000	0.000000	0.000000	0.000000	0.000000	0.000000	0.000000	0.000000	1652280333.685644	0.000000
149.000000	-45.890442	-114.109957	-116.688619	227.284940	0.000000	0.000000	0.000000	0.000000	0.000000	0.000000	0.000000	0.000000	1652280333.686382	0.000000
149.000000	-8.528842	-81.969257	-90.041831	241.365663	0.000000	0.000000	0.000000	0.000000	0.000000	0.000000	0.000000	0.000000	1652280333.686382	0.000000
150.000000	38.201208	-50.236206	-57.392505	249.170835	0.000000	0.000000	0.000000	0.000000	0.000000	0.000000	0.000000	0.000000	1652280333.700090	0.000000
150.000000	-3.794129	-82.100154	-82.229180	234.753520	0.000000	0.000000	0.000000	0.000000	0.000000	0.000000	0.000000	0.000000	1652280333.700090	0.000000
151.000000	-43.680162	-113.433036	-108.864748	231.514767	0.000000	0.000000	0.000000	0.000000	0.000000	0.000000	0.000000	0.000000	1652280333.715915	0.000000
151.000000	-8.237130	-83.678392	-86.866656	236.264440	0.000000	0.000000	0.000000	0.000000	0.000000	0.000000	0.000000	0.000000	1652280333.715915	0.000000
152.000000	35.358884	-55.748819	-57.433644	240.587764	0.000000	0.000000	0.000000	0.000000	0.000000	0.000000	0.000000	0.000000	1652280333.716366	0.000000
152.000000	-12.605333	-94.939230	-90.599076	222.841939	0.000000	0.000000	0.000000	0.000000	0.000000	0.000000	0.000000	0.000000	1652280333.716366	0.000000
153.000000	-56.276145	-126.429188	-120.727710	218.765448	0.000000	0.000000	0.000000	0.000000	0.000000	0.000000	0.000000	0.000000	1652280333.730183	0.000000
153.000000	-8.263309	-83.296922	-91.264779	243.538545	0.000000	0.000000	0.000000	0.000000	0.000000	0.000000	0.000000	0.000000	1652280333.730183	0.000000
154.000000	36.626710	-52.050058	-55.515075	249.757999	0.000000	0.000000	0.000000	0.000000	0.000000	0.000000	0.000000	0.000000	1652280333.745652	0.000000
154.000000	-10.660585	-90.111019	-90.142809	227.442016	0.000000	0.000000	0.000000	0.000000	0.000000	0.000000	0.000000	0.000000	1652280333.745652	0.000000
155.000000	-51.586310	-116.559592	-115.959338	232.255267	0.000000	0.000000	0.000000	0.000000	0.000000	0.000000	0.000000	0.000000	1652280333.746403	0.000000
155.000000	-8.727057	-83.113667	-88.579530	244.342624	0.000000	0.000000	0.000000	0.000000	0.000000	0.000000	0.000000	0.000000	1652280333.746403	0.000000
156.000000	38.436822	-46.241993	-53.005602	256.725432	0.000000	0.000000	0.000000	0.000000	0.000000	0.000000	0.000000	0.000000	1652280333.760025	0.000000
156.000000	9.516175	-71.983724	-70.800046	247.147549	0.000000	0.000000	0.000000	0.000000	0.000000	0.000000	0.000000	0.000000	1652280333.760025	0.000000
157.000000	-40.486287	-107.763347	-104.260931	238.586918	0.000000	0.000000	0.000000	0.000000	0.000000	0.000000	0.000000	0.000000	1652280333.775758	0.000000
157.000000	2.758176	-71.415260	-73.096345	251.519492	0.000000	0.000000	0.000000	0.000000	0.000000	0.000000	0.000000	0.000000	1652280333.775758	0.000000
158.000000	41.522239	-39.521393	-47.844540	255.629642	0.000000	0.000000	0.000000	0.000000	0.000000	0.000000	0.000000	0.000000	1652280333.776374	0.000000
158.000000	-1.767103	-75.992897	-78.399523	240.868257	0.000000	0.000000	0.000000	0.000000	0.000000	0.000000	0.000000	0.000000	1652280333.776374	0.000000
159.000000	-53.837730	-116.301539	-118.502470	226.061993	0.000000	0.000000	0.000000	0.000000	0.000000	0.000000	0.000000	0.000000	1652280333.789998	0.000000
159.000000	-11.662878	-80.394759	-87.708134	236.473874	0.000000	0.000000	0.000000	0.000000	0.000000	0.000000	0.000000	0.000000	1652280333.789998	0.000000
160.000000	35.340185	-43.164055	-52.291281	247.805771	0.000000	0.000000	0.000000	0.000000	0.000000	0.000000	0.000000	0.000000	1652280333.805756	0.000000
160.000000	-0.327241	-74.317422	-71.525587	244.219207	0.000000	0.000000	0.000000	0.000000	0.000000	0.000000	0.000000	0.000000	1652280333.805756	0.000000
161.000000	-53.220646	-115.205748	-109.496791	233.687649	0.000000	0.000000	0.000000	0.000000	0.000000	0.000000	0.000000	0.000000	1652280333.806432	0.000000
161.000000	-8.050135	-75.024263	-77.782439	248.740746	0.000000	0.000000	0.000000	0.000000	0.000000	0.000000	0.000000	0.000000	1652280333.806432	0.000000
162.000000	35.961008	-48.197961	-54.004155	248.523832	0.000000	0.000000	0.000000	0.000000	0.000000	0.000000	0.000000	0.000000	1652280333.819942	0.000000
162.000000	-8.599900	-85.941031	-77.273813	235.116291	0.000000	0.000000	0.000000	0.000000	0.000000	0.000000	0.000000	0.000000	1652280333.819942	0.000000
163.000000	-48.145602	-120.785679	-108.831089	224.371558	0.000000	0.000000	0.000000	0.000000	0.000000	0.000000	0.000000	0.000000	1652280333.835348	0.000000
163.000000	-6.269942	-79.474744	-82.823824	243.168295	0.000000	0.000000	0.000000	0.000000	0.000000	0.000000	0.000000	0.000000	1652280333.835348	0.000000
164.000000	35.179369	-50.793451	-55.066287	243.998553	0.000000	0.000000	0.000000	0.000000	0.000000	0.000000	0.000000	0.000000	1652280333.851530	0.000000
164.000000	-15.084886	-87.781062	-84.218807	233.481954	0.000000	0.000000	0.000000	0.000000	0.000000	0.000000	0.000000	0.000000	1652280333.851530	0.000000
165.000000	-57.678607	-124.488180	-109.193859	222.744701	0.000000	0.000000	0.000000	0.000000	0.000000	0.000000	0.000000	0.000000	1652280333.852158	0.000000
165.000000	-15.346679	-88.076514	-83.182855	239.256360	0.000000	0.000000	0.000000	0.000000	0.000000	0.000000	0.000000	0.000000	1652280333.852158	0.000000
166.000000	30.007087	-56.287364	-56.693143	246.216314	0.000000	0.000000	0.000000	0.000000	0.000000	0.000000	0.000000	0.000000	1652280333.852867	0.000000
166.000000	-11.816214	-91.947310	-85.471674	231.993474	0.000000	0.000000	0.000000	0.000000	0.000000	0.000000	0.000000	0.000000	1652280333.852867	0.000000
167.000000	-54.974659	-120.886656	-114.007110	228.347072	0.000000	0.000000	0.000000	0.000000	0.000000	0.000000	0.000000	0.000000	1652280333.865048	0.000000
167.000000	-13.140138	-80.050689	-83.444648	246.911935	0.000000	0.000000	0.000000	0.000000	0.000000	0.000000	0.000000	0.000000	1652280333.865048	0.000000
168.000000	26.689796	-59.967426	-60.874352	248.045125	0.000000	0.000000	0.000000	0.000000	0.000000	0.000000	0.000000	0.000000	1652280333.880111	0.000000
168.000000	-10.918638	-91.565841	-82.206741	240.254913	0.000000	0.000000	0.000000	0.000000	0.000000	0.000000	0.000000	0.000000	1652280333.880111	0.000000
169.000000	-53.489919	-117.206595	-112.013744	230.953782	0.000000	0.000000	0.000000	0.000000	0.000000	0.000000	0.000000	0.000000	1652280333.895733	0.000000
169.000000	-16.461170	-93.346033	-91.332097	233.250080	0.000000	0.000000	0.000000	0.000000	0.000000	0.000000	0.000000	0.000000	1652280333.895733	0.000000
170.000000	25.683763	-65.064909	-66.633798	236.758107	0.000000	0.000000	0.000000	0.000000	0.000000	0.000000	0.000000	0.000000	1652280333.896401	0.000000
170.000000	-19.165117	-93.181477	-88.725387	230.845325	0.000000	0.000000	0.000000	0.000000	0.000000	0.000000	0.000000	0.000000	1652280333.896401	0.000000
171.000000	-57.121362	-120.262093	-113.371327	231.567125	0.000000	0.000000	0.000000	0.000000	0.000000	0.000000	0.000000	0.000000	1652280333.910052	0.000000
171.000000	-24.083086	-89.262062	-85.228580	242.906502	0.000000	0.000000	0.000000	0.000000	0.000000	0.000000	0.000000	0.000000	1652280333.910052	0.000000
172.000000	24.546833	-55.726379	-55.137345	248.475213	0.000000	0.000000	0.000000	0.000000	0.000000	0.000000	0.000000	0.000000	1652280333.925816	0.000000
172.000000	-6.468157	-83.966364	-74.027580	236.197122	0.000000	0.000000	0.000000	0.000000	0.000000	0.000000	0.000000	0.000000	1652280333.925816	0.000000
173.000000	-56.668834	-116.234221	-108.621654	228.967895	0.000000	0.000000	0.000000	0.000000	0.000000	0.000000	0.000000	0.000000	1652280333.926414	0.000000
173.000000	-16.689304	-80.937045	-86.268272	236.657129	0.000000	0.000000	0.000000	0.000000	0.000000	0.000000	0.000000	0.000000	1652280333.926414	0.000000
174.000000	31.188896	-48.549511	-55.257022	242.360477	0.000000	0.000000	0.000000	0.000000	0.000000	0.000000	0.000000	0.000000	1652280333.940050	0.000000
174.000000	-6.995483	-80.787449	-75.721754	242.599830	0.000000	0.000000	0.000000	0.000000	0.000000	0.000000	0.000000	0.000000	1652280333.940050	0.000000
175.000000	-49.196514	-109.700615	-99.574836	237.315352	0.000000	0.000000	0.000000	0.000000	0.000000	0.000000	0.000000	0.000000	1652280333.955718	0.000000
175.000000	-11.330027	-81.797222	-77.677722	248.030165	0.000000	0.000000	0.000000	0.000000	0.000000	0.000000	0.000000	0.000000	1652280333.955718	0.000000
176.000000	34.618384	-49.424648	-45.398646	253.419361	0.000000	0.000000	0.000000	0.000000	0.000000	0.000000	0.000000	0.000000	1652280333.956501	0.000000
176.000000	-3.939985	-79.414906	-68.758061	239.017006	0.000000	0.000000	0.000000	0.000000	0.000000	0.000000	0.000000	0.000000	1652280333.956501	0.000000
177.000000	-46.971273	-112.509280	-107.133174	236.159723	0.000000	0.000000	0.000000	0.000000	0.000000	0.000000	0.000000	0.000000	1652280333.970286	0.000000
177.000000	-6.430758	-84.082301	-83.766279	243.366510	0.000000	0.000000	0.000000	0.000000	0.000000	0.000000	0.000000	0.000000	1652280333.970286	0.000000
178.000000	30.957022	-54.350096	-51.849973	246.844617	0.000000	0.000000	0.000000	0.000000	0.000000	0.000000	0.000000	0.000000	1652280333.985745	0.000000
178.000000	4.134459	-73.498384	-70.994521	246.923155	0.000000	0.000000	0.000000	0.000000	0.000000	0.000000	0.000000	0.000000	1652280333.985745	0.000000
179.000000	-45.707187	-112.064232	-105.315583	232.760154	0.000000	0.000000	0.000000	0.000000	0.000000	0.000000	0.000000	0.000000	1652280333.986401	0.000000
179.000000	1.082701	-72.570889	-74.562385	247.678614	0.000000	0.000000	0.000000	0.000000	0.000000	0.000000	0.000000	0.000000	1652280333.986401	0.000000
180.000000	34.334152	-49.237653	-50.724263	248.897822	0.000000	0.000000	0.000000	0.000000	0.000000	0.000000	0.000000	0.000000	1652280334.000068	0.000000
180.000000	-3.105987	-82.174952	-81.877630	237.341531	0.000000	0.000000	0.000000	0.000000	0.000000	0.000000	0.000000	0.000000	1652280334.000068	0.000000
181.000000	-39.629850	-112.086672	-102.020731	234.304732	0.000000	0.000000	0.000000	0.000000	0.000000	0.000000	0.000000	0.000000	1652280334.015792	0.000000
181.000000	-3.431358	-73.060816	-75.056052	251.601770	0.000000	0.000000	0.000000	0.000000	0.000000	0.000000	0.000000	0.000000	1652280334.015792	0.000000
182.000000	42.887303	-49.622863	-50.301654	248.157322	0.000000	0.000000	0.000000	0.000000	0.000000	0.000000	0.000000	0.000000	1652280334.016365	0.000000
182.000000	-2.017676	-77.713251	-76.080785	234.218715	0.000000	0.000000	0.000000	0.000000	0.000000	0.000000	0.000000	0.000000	1652280334.016365	0.000000
183.000000	-48.134382	-114.248334	-102.435860	235.550119	0.000000	0.000000	0.000000	0.000000	0.000000	0.000000	0.000000	0.000000	1652280334.030051	0.000000
183.000000	-8.813074	-84.691904	-84.293605	244.854990	0.000000	0.000000	0.000000	0.000000	0.000000	0.000000	0.000000	0.000000	1652280334.030051	0.000000
184.000000	34.999854	-52.513805	-52.811127	251.433474	0.000000	0.000000	0.000000	0.000000	0.000000	0.000000	0.000000	0.000000	1652280334.046133	0.000000
184.000000	-5.028295	-88.955390	-80.965094	232.902270	0.000000	0.000000	0.000000	0.000000	0.000000	0.000000	0.000000	0.000000	1652280334.046133	0.000000
185.000000	-58.164794	-116.484794	-107.810096	231.540946	0.000000	0.000000	0.000000	0.000000	0.000000	0.000000	0.000000	0.000000	1652280334.046445	0.000000
185.000000	-20.638638	-91.419984	-94.615729	236.200862	0.000000	0.000000	0.000000	0.000000	0.000000	0.000000	0.000000	0.000000	1652280334.046445	0.000000
186.000000	34.824078	-52.603563	-55.257022	247.727233	0.000000	0.000000	0.000000	0.000000	0.000000	0.000000	0.000000	0.000000	1652280334.059995	0.000000
186.000000	-5.974490	-84.669465	-77.019500	234.693682	0.000000	0.000000	0.000000	0.000000	0.000000	0.000000	0.000000	0.000000	1652280334.059995	0.000000
187.000000	-56.552897	-118.863370	-111.684632	222.557706	0.000000	0.000000	0.000000	0.000000	0.000000	0.000000	0.000000	0.000000	1652280334.075776	0.000000
187.000000	-9.594713	-79.744017	-82.296499	243.755459	0.000000	0.000000	0.000000	0.000000	0.000000	0.000000	0.000000	0.000000	1652280334.075776	0.000000
188.000000	26.252228	-57.379415	-58.813667	243.759199	0.000000	0.000000	0.000000	0.000000	0.000000	0.000000	0.000000	0.000000	1652280334.076369	0.000000
188.000000	-12.365979	-90.054921	-84.364663	226.996968	0.000000	0.000000	0.000000	0.000000	0.000000	0.000000	0.000000	0.000000	1652280334.076369	0.000000
189.000000	-60.543370	-120.123717	-115.230058	222.030381	0.000000	0.000000	0.000000	0.000000	0.000000	0.000000	0.000000	0.000000	1652280334.090212	0.000000
189.000000	-12.089227	-83.543755	-86.477707	234.674982	0.000000	0.000000	0.000000	0.000000	0.000000	0.000000	0.000000	0.000000	1652280334.090212	0.000000
190.000000	31.304833	-57.255998	-58.854806	239.951981	0.000000	0.000000	0.000000	0.000000	0.000000	0.000000	0.000000	0.000000	1652280334.105734	0.000000
190.000000	-14.796914	-87.523009	-88.074644	229.457822	0.000000	0.000000	0.000000	0.000000	0.000000	0.000000	0.000000	0.000000	1652280334.105734	0.000000
191.000000	-56.949327	-118.650196	-112.178299	232.487141	0.000000	0.000000	0.000000	0.000000	0.000000	0.000000	0.000000	0.000000	1652280334.106424	0.000000
191.000000	-16.681824	-91.550881	-94.660608	231.712982	0.000000	0.000000	0.000000	0.000000	0.000000	0.000000	0.000000	0.000000	1652280334.106424	0.000000
192.000000	34.782940	-49.548065	-52.983163	246.152735	0.000000	0.000000	0.000000	0.000000	0.000000	0.000000	0.000000	0.000000	1652280334.120094	0.000000
192.000000	1.434252	-71.471358	-71.084278	242.951381	0.000000	0.000000	0.000000	0.000000	0.000000	0.000000	0.000000	0.000000	1652280334.120094	0.000000
193.000000	-63.318376	-117.184155	-109.938099	234.196275	0.000000	0.000000	0.000000	0.000000	0.000000	0.000000	0.000000	0.000000	1652280334.135789	0.000000
193.000000	-16.730442	-80.776229	-87.375283	241.545179	0.000000	0.000000	0.000000	0.000000	0.000000	0.000000	0.000000	0.000000	1652280334.135789	0.000000
194.000000	26.413043	-51.728426	-56.637045	242.962601	0.000000	0.000000	0.000000	0.000000	0.000000	0.000000	0.000000	0.000000	1652280334.136481	0.000000
194.000000	-8.158592	-78.300415	-74.124817	239.705148	0.000000	0.000000	0.000000	0.000000	0.000000	0.000000	0.000000	0.000000	1652280334.136481	0.000000
195.000000	-55.786218	-117.303832	-113.221731	226.185409	0.000000	0.000000	0.000000	0.000000	0.000000	0.000000	0.000000	0.000000	1652280334.150499	0.000000
195.000000	-11.617999	-81.939338	-82.965941	244.608157	0.000000	0.000000	0.000000	0.000000	0.000000	0.000000	0.000000	0.000000	1652280334.150499	0.000000
196.000000	26.947849	-53.628295	-55.578653	242.506333	0.000000	0.000000	0.000000	0.000000	0.000000	0.000000	0.000000	0.000000	1652280334.165676	0.000000
196.000000	-1.191158	-80.970704	-77.000800	240.172635	0.000000	0.000000	0.000000	0.000000	0.000000	0.000000	0.000000	0.000000	1652280334.165676	0.000000
197.000000	-54.361316	-109.427603	-107.589442	226.566879	0.000000	0.000000	0.000000	0.000000	0.000000	0.000000	0.000000	0.000000	1652280334.166476	0.000000
197.000000	-9.220723	-79.990850	-86.212174	235.445402	0.000000	0.000000	0.000000	0.000000	0.000000	0.000000	0.000000	0.000000	1652280334.166476	0.000000
198.000000	39.255860	-50.984186	-49.194644	245.243940	0.000000	0.000000	0.000000	0.000000	0.000000	0.000000	0.000000	0.000000	1652280334.180056	0.000000
198.000000	-8.285748	-82.429265	-78.014313	226.611758	0.000000	0.000000	0.000000	0.000000	0.000000	0.000000	0.000000	0.000000	1652280334.180056	0.000000
199.000000	-54.982139	-119.981600	-116.856914	214.797414	0.000000	0.000000	0.000000	0.000000	0.000000	0.000000	0.000000	0.000000	1652280334.196386	0.000000
199.000000	-16.311574	-92.459677	-97.768465	225.381331	0.000000	0.000000	0.000000	0.000000	0.000000	0.000000	0.000000	0.000000	1652280334.196386	0.000000
200.000000	29.214229	-50.778492	-58.813667	242.300638	0.000000	0.000000	0.000000	0.000000	0.000000	0.000000	0.000000	0.000000	1652280334.197174	0.000000
200.000000	-7.025402	-89.998822	-81.514859	228.750981	0.000000	0.000000	0.000000	0.000000	0.000000	0.000000	0.000000	0.000000	1652280334.197174	0.000000
0.000000	-58.952043	-120.946495	-111.434059	225.658084	0.000000	0.000000	0.000000	0.000000	0.000000	0.000000	0.000000	0.000000	1652280334.197801	0.000000
101.000000	-26.459792	-83.446518	-90.535498	241.560138	0.000000	0.000000	0.000000	0.000000	0.000000	0.000000	0.000000	0.000000	1652280334.210019	0.000000
101.000000	26.089542	-52.379169	-55.070027	245.655329	0.000000	0.000000	0.000000	0.000000	0.000000	0.000000	0.000000	0.000000	1652280334.210019	0.000000
102.000000	-12.981193	-89.254582	-82.075844	230.213282	0.000000	0.000000	0.000000	0.000000	0.000000	0.000000	0.000000	0.000000	1652280334.225114	0.000000
102.000000	-50.451250	-113.971581	-110.820715	231.929896	0.000000	0.000000	0.000000	0.000000	0.000000	0.000000	0.000000	0.000000	1652280334.225114	0.000000
103.000000	-24.728219	-86.120546	-90.464440	236.619730	0.000000	0.000000	0.000000	0.000000	0.000000	0.000000	0.000000	0.000000	1652280334.240751	0.000000
103.000000	32.024763	-57.016645	-60.908011	243.209434	0.000000	0.000000	0.000000	0.000000	0.000000	0.000000	0.000000	0.000000	1652280334.240751	0.000000
104.000000	-2.191581	-79.856214	-80.628503	236.814205	0.000000	0.000000	0.000000	0.000000	0.000000	0.000000	0.000000	0.000000	1652280334.241400	0.000000
104.000000	-46.464517	-114.768180	-110.383147	229.521400	0.000000	0.000000	0.000000	0.000000	0.000000	0.000000	0.000000	0.000000	1652280334.241400	0.000000
105.000000	-10.894329	-85.047195	-81.107210	241.309565	0.000000	0.000000	0.000000	0.000000	0.000000	0.000000	0.000000	0.000000	1652280334.255062	0.000000
105.000000	30.483925	-52.947634	-56.973636	253.961646	0.000000	0.000000	0.000000	0.000000	0.000000	0.000000	0.000000	0.000000	1652280334.255062	0.000000
106.000000	-6.230673	-78.756683	-76.877383	242.741947	0.000000	0.000000	0.000000	0.000000	0.000000	0.000000	0.000000	0.000000	1652280334.287166	0.000000
106.000000	-41.112720	-101.394298	-98.318230	237.913736	0.000000	0.000000	0.000000	0.000000	0.000000	0.000000	0.000000	0.000000	1652280334.287166	0.000000
107.000000	-4.540239	-82.548942	-83.478307	241.668595	0.000000	0.000000	0.000000	0.000000	0.000000	0.000000	0.000000	0.000000	1652280334.287816	0.000000
107.000000	38.793982	-50.763532	-51.790135	248.737006	0.000000	0.000000	0.000000	0.000000	0.000000	0.000000	0.000000	0.000000	1652280334.287816	0.000000
108.000000	0.418869	-70.921593	-74.038799	241.795752	0.000000	0.000000	0.000000	0.000000	0.000000	0.000000	0.000000	0.000000	1652280334.288580	0.000000
108.000000	-41.314675	-105.556806	-105.401600	236.391596	0.000000	0.000000	0.000000	0.000000	0.000000	0.000000	0.000000	0.000000	1652280334.288580	0.000000
109.000000	-8.280139	-76.045256	-83.119277	245.475813	0.000000	0.000000	0.000000	0.000000	0.000000	0.000000	0.000000	0.000000	1652280334.289398	0.000000
109.000000	41.976637	-43.021939	-52.137945	251.209080	0.000000	0.000000	0.000000	0.000000	0.000000	0.000000	0.000000	0.000000	1652280334.289398	0.000000
110.000000	9.585364	-65.214505	-69.031073	240.606464	0.000000	0.000000	0.000000	0.000000	0.000000	0.000000	0.000000	0.000000	1652280334.300060	0.000000
110.000000	-27.207772	-99.176537	-95.999492	244.129449	0.000000	0.000000	0.000000	0.000000	0.000000	0.000000	0.000000	0.000000	1652280334.300060	0.000000
111.000000	-2.760046	-77.245764	-83.444648	243.729280	0.000000	0.000000	0.000000	0.000000	0.000000	0.000000	0.000000	0.000000	1652280334.315119	0.000000
111.000000	43.263163	-42.565671	-46.150365	253.022932	0.000000	0.000000	0.000000	0.000000	0.000000	0.000000	0.000000	0.000000	1652280334.315119	0.000000
112.000000	8.325017	-69.388234	-69.117091	246.766079	0.000000	0.000000	0.000000	0.000000	0.000000	0.000000	0.000000	0.000000	1652280334.330779	0.000000
112.000000	-29.784563	-101.659831	-95.513305	240.464347	0.000000	0.000000	0.000000	0.000000	0.000000	0.000000	0.000000	0.000000	1652280334.330779	0.000000
113.000000	4.409342	-72.245517	-79.734667	241.346964	0.000000	0.000000	0.000000	0.000000	0.000000	0.000000	0.000000	0.000000	1652280334.331515	0.000000
113.000000	46.741270	-43.897076	-49.620993	244.641816	0.000000	0.000000	0.000000	0.000000	0.000000	0.000000	0.000000	0.000000	1652280334.331515	0.000000
114.000000	11.055144	-68.838469	-72.673736	236.911442	0.000000	0.000000	0.000000	0.000000	0.000000	0.000000	0.000000	0.000000	1652280334.345057	0.000000
114.000000	-33.000877	-105.141677	-98.340669	237.139576	0.000000	0.000000	0.000000	0.000000	0.000000	0.000000	0.000000	0.000000	1652280334.345057	0.000000
115.000000	0.261793	-82.803255	-85.086464	245.371096	0.000000	0.000000	0.000000	0.000000	0.000000	0.000000	0.000000	0.000000	1652280334.360708	0.000000
115.000000	46.973143	-47.124609	-52.639092	249.103516	0.000000	0.000000	0.000000	0.000000	0.000000	0.000000	0.000000	0.000000	1652280334.360708	0.000000
116.000000	5.793105	-77.238284	-73.444155	245.382316	0.000000	0.000000	0.000000	0.000000	0.000000	0.000000	0.000000	0.000000	1652280334.361447	0.000000
116.000000	-41.329634	-115.362824	-106.759184	236.040046	0.000000	0.000000	0.000000	0.000000	0.000000	0.000000	0.000000	0.000000	1652280334.361447	0.000000
117.000000	-3.661362	-82.949111	-86.799338	244.795152	0.000000	0.000000	0.000000	0.000000	0.000000	0.000000	0.000000	0.000000	1652280334.375046	0.000000
117.000000	45.394906	-49.607903	-48.031535	256.762831	0.000000	0.000000	0.000000	0.000000	0.000000	0.000000	0.000000	0.000000	1652280334.375046	0.000000
118.000000	3.717461	-78.767903	-77.232674	241.937868	0.000000	0.000000	0.000000	0.000000	0.000000	0.000000	0.000000	0.000000	1652280334.407292	0.000000
118.000000	-37.122247	-109.599638	-107.840015	236.320538	0.000000	0.000000	0.000000	0.000000	0.000000	0.000000	0.000000	0.000000	1652280334.407292	0.000000
119.000000	2.288819	-79.227911	-84.772312	246.115336	0.000000	0.000000	0.000000	0.000000	0.000000	0.000000	0.000000	0.000000	1652280334.407780	0.000000
119.000000	38.779023	-51.477853	-57.141931	250.988426	0.000000	0.000000	0.000000	0.000000	0.000000	0.000000	0.000000	0.000000	1652280334.407780	0.000000
120.000000	4.069011	-80.937045	-76.952181	229.783193	0.000000	0.000000	0.000000	0.000000	0.000000	0.000000	0.000000	0.000000	1652280334.408579	0.000000
120.000000	-45.091974	-112.599038	-114.164186	221.072966	0.000000	0.000000	0.000000	0.000000	0.000000	0.000000	0.000000	0.000000	1652280334.408579	0.000000
121.000000	-13.280385	-83.794328	-89.944594	235.860531	0.000000	0.000000	0.000000	0.000000	0.000000	0.000000	0.000000	0.000000	1652280334.409296	0.000000
121.000000	50.518569	-39.996360	-46.116706	258.400908	0.000000	0.000000	0.000000	0.000000	0.000000	0.000000	0.000000	0.000000	1652280334.409296	0.000000
122.000000	2.053205	-76.505263	-73.922863	243.407649	0.000000	0.000000	0.000000	0.000000	0.000000	0.000000	0.000000	0.000000	1652280334.419993	0.000000
122.000000	-51.894852	-118.968088	-112.425133	232.075752	0.000000	0.000000	0.000000	0.000000	0.000000	0.000000	0.000000	0.000000	1652280334.419993	0.000000
123.000000	-6.683201	-80.334921	-85.161262	242.741947	0.000000	0.000000	0.000000	0.000000	0.000000	0.000000	0.000000	0.000000	1652280334.434949	0.000000
123.000000	38.760323	-49.301231	-55.900285	248.669688	0.000000	0.000000	0.000000	0.000000	0.000000	0.000000	0.000000	0.000000	1652280334.434949	0.000000
124.000000	-8.437214	-86.292582	-80.310612	241.234767	0.000000	0.000000	0.000000	0.000000	0.000000	0.000000	0.000000	0.000000	1652280334.450960	0.000000
124.000000	-58.159184	-118.949388	-112.204478	231.780300	0.000000	0.000000	0.000000	0.000000	0.000000	0.000000	0.000000	0.000000	1652280334.450960	0.000000
125.000000	-18.258192	-86.423478	-96.279984	242.061285	0.000000	0.000000	0.000000	0.000000	0.000000	0.000000	0.000000	0.000000	1652280334.451270	0.000000
125.000000	37.260623	-52.053798	-59.673844	252.536745	0.000000	0.000000	0.000000	0.000000	0.000000	0.000000	0.000000	0.000000	1652280334.451270	0.000000
126.000000	-0.003740	-76.120054	-74.046279	242.420315	0.000000	0.000000	0.000000	0.000000	0.000000	0.000000	0.000000	0.000000	1652280334.465108	0.000000
126.000000	-42.560061	-110.336398	-106.848942	235.052712	0.000000	0.000000	0.000000	0.000000	0.000000	0.000000	0.000000	0.000000	1652280334.465108	0.000000
127.000000	-22.312243	-85.716637	-90.789811	243.280492	0.000000	0.000000	0.000000	0.000000	0.000000	0.000000	0.000000	0.000000	1652280334.480828	0.000000
127.000000	29.313336	-52.831697	-54.228549	249.455067	0.000000	0.000000	0.000000	0.000000	0.000000	0.000000	0.000000	0.000000	1652280334.480828	0.000000
128.000000	12.539885	-76.744617	-71.076799	244.858730	0.000000	0.000000	0.000000	0.000000	0.000000	0.000000	0.000000	0.000000	1652280334.481494	0.000000
128.000000	-45.091974	-111.207795	-106.456252	237.764140	0.000000	0.000000	0.000000	0.000000	0.000000	0.000000	0.000000	0.000000	1652280334.481494	0.000000
129.000000	-18.979992	-91.247949	-91.152582	237.038599	0.000000	0.000000	0.000000	0.000000	0.000000	0.000000	0.000000	0.000000	1652280334.495179	0.000000
129.000000	36.639800	-47.068511	-53.690004	244.649296	0.000000	0.000000	0.000000	0.000000	0.000000	0.000000	0.000000	0.000000	1652280334.495179	0.000000
130.000000	4.042832	-80.450858	-77.400969	235.654836	0.000000	0.000000	0.000000	0.000000	0.000000	0.000000	0.000000	0.000000	1652280334.527103	0.000000
130.000000	-62.426410	-125.961700	-122.672458	216.297114	0.000000	0.000000	0.000000	0.000000	0.000000	0.000000	0.000000	0.000000	1652280334.527103	0.000000
131.000000	-24.877815	-96.147218	-96.358522	231.260454	0.000000	0.000000	0.000000	0.000000	0.000000	0.000000	0.000000	0.000000	1652280334.527828	0.000000
131.000000	30.091235	-55.745079	-55.260762	247.371943	0.000000	0.000000	0.000000	0.000000	0.000000	0.000000	0.000000	0.000000	1652280334.527828	0.000000
132.000000	-2.116783	-79.313928	-73.223501	242.173482	0.000000	0.000000	0.000000	0.000000	0.000000	0.000000	0.000000	0.000000	1652280334.528497	0.000000
132.000000	-56.857699	-121.578538	-114.627934	233.710088	0.000000	0.000000	0.000000	0.000000	0.000000	0.000000	0.000000	0.000000	1652280334.528497	0.000000
133.000000	-17.659808	-92.900985	-93.198307	238.979607	0.000000	0.000000	0.000000	0.000000	0.000000	0.000000	0.000000	0.000000	1652280334.529285	0.000000
133.000000	20.038384	-59.877668	-64.449696	246.687541	0.000000	0.000000	0.000000	0.000000	0.000000	0.000000	0.000000	0.000000	1652280334.529285	0.000000
134.000000	-7.292805	-82.440485	-76.518353	237.393890	0.000000	0.000000	0.000000	0.000000	0.000000	0.000000	0.000000	0.000000	1652280334.540113	0.000000
134.000000	-47.062901	-114.790619	-111.071289	238.134390	0.000000	0.000000	0.000000	0.000000	0.000000	0.000000	0.000000	0.000000	1652280334.540113	0.000000
135.000000	-21.007018	-93.473190	-92.356829	243.590904	0.000000	0.000000	0.000000	0.000000	0.000000	0.000000	0.000000	0.000000	1652280334.555081	0.000000
135.000000	34.713751	-50.344663	-53.910658	251.257699	0.000000	0.000000	0.000000	0.000000	0.000000	0.000000	0.000000	0.000000	1652280334.555081	0.000000
136.000000	-1.948488	-81.408272	-74.102378	246.997953	0.000000	0.000000	0.000000	0.000000	0.000000	0.000000	0.000000	0.000000	1652280334.570827	0.000000
136.000000	-41.228657	-112.643917	-102.772451	239.144163	0.000000	0.000000	0.000000	0.000000	0.000000	0.000000	0.000000	0.000000	1652280334.570827	0.000000
137.000000	-10.868149	-84.310435	-89.024579	245.509472	0.000000	0.000000	0.000000	0.000000	0.000000	0.000000	0.000000	0.000000	1652280334.571355	0.000000
137.000000	32.959738	-53.740492	-54.404325	245.056945	0.000000	0.000000	0.000000	0.000000	0.000000	0.000000	0.000000	0.000000	1652280334.571355	0.000000
138.000000	4.315845	-74.908326	-72.598938	238.650496	0.000000	0.000000	0.000000	0.000000	0.000000	0.000000	0.000000	0.000000	1652280334.585057	0.000000
138.000000	-51.487203	-119.615090	-106.317876	232.015913	0.000000	0.000000	0.000000	0.000000	0.000000	0.000000	0.000000	0.000000	1652280334.585057	0.000000
139.000000	-18.546164	-89.288241	-86.919015	243.908795	0.000000	0.000000	0.000000	0.000000	0.000000	0.000000	0.000000	0.000000	1652280334.600801	0.000000
139.000000	29.519030	-52.584863	-53.690004	249.956214	0.000000	0.000000	0.000000	0.000000	0.000000	0.000000	0.000000	0.000000	1652280334.600801	0.000000
140.000000	-5.722047	-77.339261	-71.024440	242.296898	0.000000	0.000000	0.000000	0.000000	0.000000	0.000000	0.000000	0.000000	1652280334.601528	0.000000
140.000000	-57.762755	-121.039992	-111.650973	225.710442	0.000000	0.000000	0.000000	0.000000	0.000000	0.000000	0.000000	0.000000	1652280334.601528	0.000000
141.000000	-11.548811	-81.318515	-82.771466	243.175775	0.000000	0.000000	0.000000	0.000000	0.000000	0.000000	0.000000	0.000000	1652280334.615089	0.000000
141.000000	33.131774	-48.923501	-55.481416	250.457360	0.000000	0.000000	0.000000	0.000000	0.000000	0.000000	0.000000	0.000000	1652280334.615089	0.000000
142.000000	3.885756	-76.725918	-76.047126	240.943055	0.000000	0.000000	0.000000	0.000000	0.000000	0.000000	0.000000	0.000000	1652280334.630725	0.000000
142.000000	-53.476829	-115.575998	-117.114967	226.372404	0.000000	0.000000	0.000000	0.000000	0.000000	0.000000	0.000000	0.000000	1652280334.630725	0.000000
143.000000	-20.479692	-90.339153	-96.212666	234.622624	0.000000	0.000000	0.000000	0.000000	0.000000	0.000000	0.000000	0.000000	1652280334.631514	0.000000
143.000000	33.382347	-55.580523	-61.169804	247.207387	0.000000	0.000000	0.000000	0.000000	0.000000	0.000000	0.000000	0.000000	1652280334.631514	0.000000
144.000000	1.256606	-84.153359	-83.220254	232.670396	0.000000	0.000000	0.000000	0.000000	0.000000	0.000000	0.000000	0.000000	1652280334.645202	0.000000
144.000000	-38.711704	-106.992928	-100.061023	242.409095	0.000000	0.000000	0.000000	0.000000	0.000000	0.000000	0.000000	0.000000	1652280334.645202	0.000000
145.000000	-17.880462	-96.622185	-92.846756	230.938822	0.000000	0.000000	0.000000	0.000000	0.000000	0.000000	0.000000	0.000000	1652280334.660730	0.000000
145.000000	33.819915	-67.357468	-67.142424	232.015913	0.000000	0.000000	0.000000	0.000000	0.000000	0.000000	0.000000	0.000000	1652280334.660730	0.000000
146.000000	-2.554352	-84.317914	-76.596891	228.302193	0.000000	0.000000	0.000000	0.000000	0.000000	0.000000	0.000000	0.000000	1652280334.661428	0.000000
146.000000	-48.693497	-123.280192	-117.668472	218.182024	0.000000	0.000000	0.000000	0.000000	0.000000	0.000000	0.000000	0.000000	1652280334.661428	0.000000
147.000000	-28.322262	-101.603732	-97.117722	229.891650	0.000000	0.000000	0.000000	0.000000	0.000000	0.000000	0.000000	0.000000	1652280334.675114	0.000000
147.000000	27.910873	-66.336475	-68.840338	236.488834	0.000000	0.000000	0.000000	0.000000	0.000000	0.000000	0.000000	0.000000	1652280334.675114	0.000000
148.000000	-10.273505	-91.016075	-84.274906	229.102531	0.000000	0.000000	0.000000	0.000000	0.000000	0.000000	0.000000	0.000000	1652280334.690914	0.000000
148.000000	-54.669858	-124.880869	-119.785256	226.551920	0.000000	0.000000	0.000000	0.000000	0.000000	0.000000	0.000000	0.000000	1652280334.690914	0.000000
149.000000	-16.762232	-100.414444	-97.039184	241.047772	0.000000	0.000000	0.000000	0.000000	0.000000	0.000000	0.000000	0.000000	1652280334.691432	0.000000
149.000000	31.538576	-54.918561	-54.404325	250.113289	0.000000	0.000000	0.000000	0.000000	0.000000	0.000000	0.000000	0.000000	1652280334.691432	0.000000
150.000000	-2.991920	-88.252289	-81.739253	236.380377	0.000000	0.000000	0.000000	0.000000	0.000000	0.000000	0.000000	0.000000	1652280334.705101	0.000000
150.000000	-46.524355	-112.146510	-106.964879	239.791165	0.000000	0.000000	0.000000	0.000000	0.000000	0.000000	0.000000	0.000000	1652280334.705101	0.000000
151.000000	-17.192320	-84.961177	-89.473367	245.505733	0.000000	0.000000	0.000000	0.000000	0.000000	0.000000	0.000000	0.000000	1652280334.720822	0.000000
151.000000	34.276183	-54.462293	-55.679631	253.516598	0.000000	0.000000	0.000000	0.000000	0.000000	0.000000	0.000000	0.000000	1652280334.720822	0.000000
152.000000	-4.237307	-79.478484	-78.156429	239.824825	0.000000	0.000000	0.000000	0.000000	0.000000	0.000000	0.000000	0.000000	1652280334.721420	0.000000
152.000000	-63.690496	-115.695675	-111.946425	232.330065	0.000000	0.000000	0.000000	0.000000	0.000000	0.000000	0.000000	0.000000	1652280334.721420	0.000000
153.000000	-17.738345	-91.146972	-91.679908	243.018699	0.000000	0.000000	0.000000	0.000000	0.000000	0.000000	0.000000	0.000000	1652280334.735045	0.000000
153.000000	36.751997	-42.909742	-46.139146	258.468226	0.000000	0.000000	0.000000	0.000000	0.000000	0.000000	0.000000	0.000000	1652280334.735045	0.000000
154.000000	-18.647141	-91.812674	-88.770265	228.612604	0.000000	0.000000	0.000000	0.000000	0.000000	0.000000	0.000000	0.000000	1652280334.750817	0.000000
154.000000	-65.104178	-127.005133	-123.132466	222.860638	0.000000	0.000000	0.000000	0.000000	0.000000	0.000000	0.000000	0.000000	1652280334.750817	0.000000
155.000000	-25.984825	-97.568380	-94.484832	235.759553	0.000000	0.000000	0.000000	0.000000	0.000000	0.000000	0.000000	0.000000	1652280334.751426	0.000000
155.000000	26.512151	-59.589696	-57.497222	250.543378	0.000000	0.000000	0.000000	0.000000	0.000000	0.000000	0.000000	0.000000	1652280334.751426	0.000000
156.000000	1.754013	-80.525656	-75.755414	241.769573	0.000000	0.000000	0.000000	0.000000	0.000000	0.000000	0.000000	0.000000	1652280334.765159	0.000000
156.000000	-46.632813	-114.914036	-105.794290	237.356491	0.000000	0.000000	0.000000	0.000000	0.000000	0.000000	0.000000	0.000000	1652280334.765159	0.000000
157.000000	-18.149734	-91.543401	-91.672428	241.638676	0.000000	0.000000	0.000000	0.000000	0.000000	0.000000	0.000000	0.000000	1652280334.780833	0.000000
157.000000	29.275937	-60.255398	-58.353659	251.059484	0.000000	0.000000	0.000000	0.000000	0.000000	0.000000	0.000000	0.000000	1652280334.780833	0.000000
158.000000	7.999646	-67.402347	-64.793767	251.833643	0.000000	0.000000	0.000000	0.000000	0.000000	0.000000	0.000000	0.000000	1652280334.781529	0.000000
158.000000	-40.634013	-106.817153	-104.791997	237.629503	0.000000	0.000000	0.000000	0.000000	0.000000	0.000000	0.000000	0.000000	1652280334.781529	0.000000
159.000000	-18.467626	-85.155652	-85.643709	246.874536	0.000000	0.000000	0.000000	0.000000	0.000000	0.000000	0.000000	0.000000	1652280334.795184	0.000000
159.000000	27.503224	-55.520685	-52.093066	251.276398	0.000000	0.000000	0.000000	0.000000	0.000000	0.000000	0.000000	0.000000	1652280334.795184	0.000000
160.000000	1.237907	-76.105094	-75.400123	237.087218	0.000000	0.000000	0.000000	0.000000	0.000000	0.000000	0.000000	0.000000	1652280334.810898	0.000000
160.000000	-51.001016	-117.176675	-110.809496	229.454082	0.000000	0.000000	0.000000	0.000000	0.000000	0.000000	0.000000	0.000000	1652280334.810898	0.000000
161.000000	-28.501778	-98.735229	-95.408588	235.183609	0.000000	0.000000	0.000000	0.000000	0.000000	0.000000	0.000000	0.000000	1652280334.811435	0.000000
161.000000	30.618561	-57.446733	-62.037460	241.152489	0.000000	0.000000	0.000000	0.000000	0.000000	0.000000	0.000000	0.000000	1652280334.811435	0.000000
162.000000	-9.087957	-85.709157	-77.393490	236.458915	0.000000	0.000000	0.000000	0.000000	0.000000	0.000000	0.000000	0.000000	1652280334.824971	0.000000
162.000000	-48.484063	-118.556699	-113.614421	232.984548	0.000000	0.000000	0.000000	0.000000	0.000000	0.000000	0.000000	0.000000	1652280334.824971	0.000000
163.000000	-20.823763	-87.395852	-89.230273	245.083124	0.000000	0.000000	0.000000	0.000000	0.000000	0.000000	0.000000	0.000000	1652280334.840686	0.000000
163.000000	24.144794	-59.286764	-66.334606	243.291712	0.000000	0.000000	0.000000	0.000000	0.000000	0.000000	0.000000	0.000000	1652280334.840686	0.000000
164.000000	4.903009	-73.244071	-67.912843	245.883462	0.000000	0.000000	0.000000	0.000000	0.000000	0.000000	0.000000	0.000000	1652280334.841460	0.000000
164.000000	-54.127572	-120.621123	-109.766064	234.357091	0.000000	0.000000	0.000000	0.000000	0.000000	0.000000	0.000000	0.000000	1652280334.841460	0.000000
165.000000	-31.119708	-102.602285	-99.859069	235.905409	0.000000	0.000000	0.000000	0.000000	0.000000	0.000000	0.000000	0.000000	1652280334.855165	0.000000
165.000000	25.637014	-56.833390	-57.983409	248.422855	0.000000	0.000000	0.000000	0.000000	0.000000	0.000000	0.000000	0.000000	1652280334.855165	0.000000
166.000000	-5.579931	-81.643886	-82.909842	226.656637	0.000000	0.000000	0.000000	0.000000	0.000000	0.000000	0.000000	0.000000	1652280334.871195	0.000000
166.000000	-53.503009	-121.529919	-119.650619	221.196383	0.000000	0.000000	0.000000	0.000000	0.000000	0.000000	0.000000	0.000000	1652280334.871195	0.000000
167.000000	-23.265918	-99.748742	-100.292897	233.261300	0.000000	0.000000	0.000000	0.000000	0.000000	0.000000	0.000000	0.000000	1652280334.871481	0.000000
167.000000	8.859823	-73.165533	-77.995614	229.816852	0.000000	0.000000	0.000000	0.000000	0.000000	0.000000	0.000000	0.000000	1652280334.871481	0.000000
168.000000	-10.467980	-92.044548	-89.918415	224.457576	0.000000	0.000000	0.000000	0.000000	0.000000	0.000000	0.000000	0.000000	1652280334.885038	0.000000
168.000000	-53.600246	-120.998853	-115.293636	224.068626	0.000000	0.000000	0.000000	0.000000	0.000000	0.000000	0.000000	0.000000	1652280334.885038	0.000000
169.000000	-41.957938	-112.722455	-107.133174	223.099992	0.000000	0.000000	0.000000	0.000000	0.000000	0.000000	0.000000	0.000000	1652280334.900808	0.000000
169.000000	11.754506	-70.506464	-68.279353	233.309919	0.000000	0.000000	0.000000	0.000000	0.000000	0.000000	0.000000	0.000000	1652280334.900808	0.000000
170.000000	0.587164	-83.424078	-80.448988	236.335498	0.000000	0.000000	0.000000	0.000000	0.000000	0.000000	0.000000	0.000000	1652280334.901474	0.000000
170.000000	-41.655006	-113.773367	-109.010604	237.479907	0.000000	0.000000	0.000000	0.000000	0.000000	0.000000	0.000000	0.000000	1652280334.901474	0.000000
171.000000	-21.781177	-91.012335	-95.124355	241.021593	0.000000	0.000000	0.000000	0.000000	0.000000	0.000000	0.000000	0.000000	1652280334.915140	0.000000
171.000000	25.225625	-59.443840	-66.947949	235.318245	0.000000	0.000000	0.000000	0.000000	0.000000	0.000000	0.000000	0.000000	1652280334.915140	0.000000
172.000000	-9.402108	-90.447610	-84.439461	230.112304	0.000000	0.000000	0.000000	0.000000	0.000000	0.000000	0.000000	0.000000	1652280334.930746	0.000000
172.000000	-63.881231	-126.788218	-121.344794	223.631058	0.000000	0.000000	0.000000	0.000000	0.000000	0.000000	0.000000	0.000000	1652280334.930746	0.000000
173.000000	-25.423840	-91.419984	-96.762432	238.160569	0.000000	0.000000	0.000000	0.000000	0.000000	0.000000	0.000000	0.000000	1652280334.931463	0.000000
173.000000	19.705533	-59.245625	-62.602185	247.629996	0.000000	0.000000	0.000000	0.000000	0.000000	0.000000	0.000000	0.000000	1652280334.931463	0.000000
174.000000	-10.568957	-81.135260	-83.467087	232.472181	0.000000	0.000000	0.000000	0.000000	0.000000	0.000000	0.000000	0.000000	1652280334.945162	0.000000
174.000000	-67.209742	-131.249919	-118.513690	217.045094	0.000000	0.000000	0.000000	0.000000	0.000000	0.000000	0.000000	0.000000	1652280334.945162	0.000000
175.000000	-42.032736	-105.826079	-105.958846	227.722508	0.000000	0.000000	0.000000	0.000000	0.000000	0.000000	0.000000	0.000000	1652280334.960889	0.000000
175.000000	16.489219	-58.946433	-61.693390	247.125109	0.000000	0.000000	0.000000	0.000000	0.000000	0.000000	0.000000	0.000000	1652280334.960889	0.000000
176.000000	-4.065271	-80.563055	-79.095144	232.790073	0.000000	0.000000	0.000000	0.000000	0.000000	0.000000	0.000000	0.000000	1652280334.961468	0.000000
176.000000	-69.547180	-127.581077	-119.845094	218.283001	0.000000	0.000000	0.000000	0.000000	0.000000	0.000000	0.000000	0.000000	1652280334.961468	0.000000
177.000000	-32.395013	-97.482362	-96.661454	236.249480	0.000000	0.000000	0.000000	0.000000	0.000000	0.000000	0.000000	0.000000	1652280334.975116	0.000000
177.000000	17.233459	-60.449873	-61.023948	242.012666	0.000000	0.000000	0.000000	0.000000	0.000000	0.000000	0.000000	0.000000	1652280334.975116	0.000000
178.000000	-8.070704	-85.065894	-80.385410	233.302439	0.000000	0.000000	0.000000	0.000000	0.000000	0.000000	0.000000	0.000000	1652280334.990729	0.000000
178.000000	-58.144225	-116.514713	-112.720585	227.090465	0.000000	0.000000	0.000000	0.000000	0.000000	0.000000	0.000000	0.000000	1652280334.990729	0.000000
179.000000	-24.402847	-87.642686	-87.349103	244.189288	0.000000	0.000000	0.000000	0.000000	0.000000	0.000000	0.000000	0.000000	1652280334.991416	0.000000
179.000000	20.595629	-48.074544	-54.437984	248.849203	0.000000	0.000000	0.000000	0.000000	0.000000	0.000000	0.000000	0.000000	1652280334.991416	0.000000
180.000000	-11.417915	-80.323701	-74.749380	239.346117	0.000000	0.000000	0.000000	0.000000	0.000000	0.000000	0.000000	0.000000	1652280335.005056	0.000000
180.000000	-59.614005	-110.620631	-110.951612	229.259607	0.000000	0.000000	0.000000	0.000000	0.000000	0.000000	0.000000	0.000000	1652280335.005056	0.000000
181.000000	-23.710966	-94.669958	-95.741439	236.357937	0.000000	0.000000	0.000000	0.000000	0.000000	0.000000	0.000000	0.000000	1652280335.020714	0.000000
181.000000	25.042370	-54.682947	-58.058207	244.409942	0.000000	0.000000	0.000000	0.000000	0.000000	0.000000	0.000000	0.000000	1652280335.020714	0.000000
182.000000	1.518399	-78.951158	-74.652143	233.657730	0.000000	0.000000	0.000000	0.000000	0.000000	0.000000	0.000000	0.000000	1652280335.021476	0.000000
182.000000	-56.723063	-127.102370	-114.089388	221.514274	0.000000	0.000000	0.000000	0.000000	0.000000	0.000000	0.000000	0.000000	1652280335.021476	0.000000
183.000000	-27.454606	-91.517222	-92.510165	234.645063	0.000000	0.000000	0.000000	0.000000	0.000000	0.000000	0.000000	0.000000	1652280335.035096	0.000000
183.000000	35.753444	-50.785971	-55.227103	243.366510	0.000000	0.000000	0.000000	0.000000	0.000000	0.000000	0.000000	0.000000	1652280335.035096	0.000000
184.000000	0.946195	-75.918099	-72.479261	235.669796	0.000000	0.000000	0.000000	0.000000	0.000000	0.000000	0.000000	0.000000	1652280335.050813	0.000000
184.000000	-51.520862	-114.461508	-111.837968	226.439723	0.000000	0.000000	0.000000	0.000000	0.000000	0.000000	0.000000	0.000000	1652280335.050813	0.000000
185.000000	-21.508165	-91.865033	-95.427287	239.226441	0.000000	0.000000	0.000000	0.000000	0.000000	0.000000	0.000000	0.000000	1652280335.051351	0.000000
185.000000	24.432766	-51.515252	-58.742609	240.232474	0.000000	0.000000	0.000000	0.000000	0.000000	0.000000	0.000000	0.000000	1652280335.051351	0.000000
186.000000	3.990473	-76.437945	-72.340885	236.242000	0.000000	0.000000	0.000000	0.000000	0.000000	0.000000	0.000000	0.000000	1652280335.065094	0.000000
186.000000	-44.396352	-112.445702	-107.896114	230.306779	0.000000	0.000000	0.000000	0.000000	0.000000	0.000000	0.000000	0.000000	1652280335.065094	0.000000
187.000000	-20.012205	-87.807241	-94.858822	235.426702	0.000000	0.000000	0.000000	0.000000	0.000000	0.000000	0.000000	0.000000	1652280335.080748	0.000000
187.000000	28.535437	-53.254305	-58.256422	244.697914	0.000000	0.000000	0.000000	0.000000	0.000000	0.000000	0.000000	0.000000	1652280335.080748	0.000000
188.000000	13.747872	-66.568349	-64.487095	240.524186	0.000000	0.000000	0.000000	0.000000	0.000000	0.000000	0.000000	0.000000	1652280335.081547	0.000000
188.000000	-42.193551	-112.950589	-108.262624	229.285786	0.000000	0.000000	0.000000	0.000000	0.000000	0.000000	0.000000	0.000000	1652280335.081547	0.000000
189.000000	-20.034644	-98.252782	-97.084063	237.162016	0.000000	0.000000	0.000000	0.000000	0.000000	0.000000	0.000000	0.000000	1652280335.095192	0.000000
189.000000	35.420592	-52.468926	-54.845633	248.381716	0.000000	0.000000	0.000000	0.000000	0.000000	0.000000	0.000000	0.000000	1652280335.095192	0.000000
190.000000	2.228980	-76.897953	-71.858438	236.743147	0.000000	0.000000	0.000000	0.000000	0.000000	0.000000	0.000000	0.000000	1652280335.110784	0.000000
190.000000	-41.367033	-115.310465	-106.789103	228.836998	0.000000	0.000000	0.000000	0.000000	0.000000	0.000000	0.000000	0.000000	1652280335.110784	0.000000
191.000000	-16.567757	-95.010288	-97.431874	233.485694	0.000000	0.000000	0.000000	0.000000	0.000000	0.000000	0.000000	0.000000	1652280335.111428	0.000000
191.000000	30.278230	-56.616475	-61.730789	243.938715	0.000000	0.000000	0.000000	0.000000	0.000000	0.000000	0.000000	0.000000	1652280335.111428	0.000000
192.000000	7.348903	-81.823401	-82.442355	228.534067	0.000000	0.000000	0.000000	0.000000	0.000000	0.000000	0.000000	0.000000	1652280335.125401	0.000000
192.000000	-51.322647	-123.527026	-115.293636	220.799953	0.000000	0.000000	0.000000	0.000000	0.000000	0.000000	0.000000	0.000000	1652280335.125401	0.000000
193.000000	-24.769357	-100.014275	-104.511504	223.253328	0.000000	0.000000	0.000000	0.000000	0.000000	0.000000	0.000000	0.000000	1652280335.140838	0.000000
193.000000	31.994844	-56.096629	-58.918384	241.537699	0.000000	0.000000	0.000000	0.000000	0.000000	0.000000	0.000000	0.000000	1652280335.140838	0.000000
194.000000	3.571604	-82.964071	-76.589411	228.448049	0.000000	0.000000	0.000000	0.000000	0.000000	0.000000	0.000000	0.000000	1652280335.141411	0.000000
194.000000	-43.696991	-122.472374	-117.002770	216.009142	0.000000	0.000000	0.000000	0.000000	0.000000	0.000000	0.000000	0.000000	1652280335.141411	0.000000
195.000000	-20.917260	-102.845379	-101.224132	226.664117	0.000000	0.000000	0.000000	0.000000	0.000000	0.000000	0.000000	0.000000	1652280335.155243	0.000000
195.000000	26.298976	-65.491258	-66.648757	239.245140	0.000000	0.000000	0.000000	0.000000	0.000000	0.000000	0.000000	0.000000	1652280335.155243	0.000000
196.000000	6.660762	-82.900492	-74.356691	231.907456	0.000000	0.000000	0.000000	0.000000	0.000000	0.000000	0.000000	0.000000	1652280335.170717	0.000000
196.000000	-41.658746	-119.461754	-106.710565	229.098791	0.000000	0.000000	0.000000	0.000000	0.000000	0.000000	0.000000	0.000000	1652280335.170717	0.000000
197.000000	-13.183147	-86.098107	-88.624409	246.474367	0.000000	0.000000	0.000000	0.000000	0.000000	0.000000	0.000000	0.000000	1652280335.171395	0.000000
197.000000	28.471858	-58.303170	-61.940223	245.861023	0.000000	0.000000	0.000000	0.000000	0.000000	0.000000	0.000000	0.000000	1652280335.171395	0.000000
198.000000	10.123909	-75.585248	-70.553213	241.436721	0.000000	0.000000	0.000000	0.000000	0.000000	0.000000	0.000000	0.000000	1652280335.185011	0.000000
198.000000	-37.406479	-112.101631	-104.993951	230.157183	0.000000	0.000000	0.000000	0.000000	0.000000	0.000000	0.000000	0.000000	1652280335.185011	0.000000
199.000000	-23.340716	-103.795313	-97.091543	240.124017	0.000000	0.000000	0.000000	0.000000	0.000000	0.000000	0.000000	0.000000	1652280335.201446	0.000000
199.000000	27.989411	-68.685133	-61.341839	239.420915	0.000000	0.000000	0.000000	0.000000	0.000000	0.000000	0.000000	0.000000	1652280335.201446	0.000000
200.000000	-3.137776	-90.473790	-83.396029	230.908903	0.000000	0.000000	0.000000	0.000000	0.000000	0.000000	0.000000	0.000000	1652280335.202133	0.000000
200.000000	-61.083786	-126.874236	-124.265656	209.984163	0.000000	0.000000	0.000000	0.000000	0.000000	0.000000	0.000000	0.000000	1652280335.202133	0.000000
0.000000	-29.283417	-100.537861	-103.389534	226.755744	0.000000	0.000000	0.000000	0.000000	0.000000	0.000000	0.000000	0.000000	1652280335.202926	0.000000
101.000000	17.682247	-66.093382	-68.963755	232.963978	0.000000	0.000000	0.000000	0.000000	0.000000	0.000000	0.000000	0.000000	1652280335.214992	0.000000
101.000000	-9.465687	-86.554375	-81.978607	228.984725	0.000000	0.000000	0.000000	0.000000	0.000000	0.000000	0.000000	0.000000	1652280335.214992	0.000000
102.000000	-58.447157	-125.699907	-120.839907	218.916914	0.000000	0.000000	0.000000	0.000000	0.000000	0.000000	0.000000	0.000000	1652280335.229941	0.000000
102.000000	-24.492605	-92.310081	-96.040631	233.173412	0.000000	0.000000	0.000000	0.000000	0.000000	0.000000	0.000000	0.000000	1652280335.229941	0.000000
103.000000	22.028011	-64.447826	-70.740208	235.810042	0.000000	0.000000	0.000000	0.000000	0.000000	0.000000	0.000000	0.000000	1652280335.245836	0.000000
103.000000	-5.284479	-90.847780	-80.733220	233.958791	0.000000	0.000000	0.000000	0.000000	0.000000	0.000000	0.000000	0.000000	1652280335.245836	0.000000
104.000000	-61.012728	-125.475513	-120.166725	222.690473	0.000000	0.000000	0.000000	0.000000	0.000000	0.000000	0.000000	0.000000	1652280335.246442	0.000000
104.000000	-35.529050	-105.646564	-108.146687	226.075082	0.000000	0.000000	0.000000	0.000000	0.000000	0.000000	0.000000	0.000000	1652280335.246442	0.000000
105.000000	17.125002	-63.060323	-69.629457	236.741277	0.000000	0.000000	0.000000	0.000000	0.000000	0.000000	0.000000	0.000000	1652280335.260068	0.000000
105.000000	-4.113890	-92.220323	-86.167295	226.385494	0.000000	0.000000	0.000000	0.000000	0.000000	0.000000	0.000000	0.000000	1652280335.260068	0.000000
106.000000	-55.866626	-131.414475	-123.442878	216.100769	0.000000	0.000000	0.000000	0.000000	0.000000	0.000000	0.000000	0.000000	1652280335.275927	0.000000
106.000000	-29.732205	-107.228542	-101.822516	226.355575	0.000000	0.000000	0.000000	0.000000	0.000000	0.000000	0.000000	0.000000	1652280335.275927	0.000000
107.000000	24.369188	-65.992405	-69.147010	234.747910	0.000000	0.000000	0.000000	0.000000	0.000000	0.000000	0.000000	0.000000	1652280335.276519	0.000000
107.000000	-5.505133	-96.880238	-94.914921	217.708926	0.000000	0.000000	0.000000	0.000000	0.000000	0.000000	0.000000	0.000000	1652280335.276519	0.000000
108.000000	-58.742609	-130.651535	-124.254436	213.830650	0.000000	0.000000	0.000000	0.000000	0.000000	0.000000	0.000000	0.000000	1652280335.290098	0.000000
108.000000	-20.393674	-100.949250	-100.850142	224.149034	0.000000	0.000000	0.000000	0.000000	0.000000	0.000000	0.000000	0.000000	1652280335.290098	0.000000
